{
 "cells": [
  {
   "metadata": {
    "id": "ab838f6833b5dfdb"
   },
   "cell_type": "markdown",
   "source": [
    "# Integrating Embeddings with Queries in an Information Retrieval System\n",
    "\n",
    "## Objective\n",
    "\n",
    "In this exercise, we will learn how to integrate embeddings with a query to enhance an Information Retrieval (IR) system. We will use both static and contextual embeddings to generate representations of queries and documents, compute their similarities, and rank the documents based on relevance to the query.\n",
    "\n",
    "---\n",
    "\n",
    "## Stages Covered\n",
    "\n",
    "1. **Introduction to Pre-trained Transformer Models**\n",
    "   - Load and use BERT for contextual embeddings.\n",
    "   - Load and use Word2Vec for static embeddings.\n",
    "\n",
    "2. **Generating Text Embeddings**\n",
    "   - Generate embeddings for queries and documents using BERT.\n",
    "   - Generate embeddings for queries and documents using Word2Vec.\n",
    "\n",
    "3. **Computing Similarity Between Embeddings**\n",
    "   - Compute cosine similarity between query and document embeddings.\n",
    "   - Rank documents based on similarity scores.\n",
    "\n",
    "4. **Integrating Embeddings with Queries**\n",
    "   - Practical implementation of embedding-based retrieval for a given text corpus.\n",
    "\n",
    "---\n",
    "\n",
    "## Prerequisites\n",
    "\n",
    "- TensorFlow\n",
    "- Hugging Face's Transformers library\n",
    "- Gensim library\n",
    "- Scikit-learn library\n",
    "- A text corpus in the `../data` folder\n",
    "\n",
    "---\n",
    "\n",
    "## Exercise\n",
    "\n",
    "Follow the steps below to integrate embeddings with a query and enhance your IR system.\n",
    "\n"
   ],
   "id": "ab838f6833b5dfdb"
  },
  {
   "metadata": {
    "id": "e96332a5cf057238"
   },
   "cell_type": "markdown",
   "source": [
    "## Step 0: Verify requirements:\n",
    "\n",
    "* tensorflow\n",
    "* transformers\n",
    "* scikit-learn\n",
    "* matplotlib\n",
    "* seaborn"
   ],
   "id": "e96332a5cf057238"
  },
  {
   "cell_type": "markdown",
   "source": [
    "## Importar librerías"
   ],
   "metadata": {
    "id": "0qzyKLqyybjA"
   },
   "id": "0qzyKLqyybjA"
  },
  {
   "cell_type": "code",
   "source": [
    "import tensorflow as tf\n",
    "import gensim.downloader as api\n",
    "from transformers import BertTokenizer, TFBertModel\n",
    "import pandas as pd\n",
    "import numpy as np\n",
    "from sklearn.metrics.pairwise import cosine_similarity\n",
    "import matplotlib.pyplot as plt\n",
    "import seaborn as sns\n",
    "from joblib import Parallel, delayed, parallel_backend\n",
    "from sklearn.metrics.pairwise import cosine_similarity\n"
   ],
   "metadata": {
    "id": "sLbefaIFyjqI",
    "ExecuteTime": {
     "end_time": "2024-08-07T00:51:10.570660Z",
     "start_time": "2024-08-07T00:51:03.335015Z"
    }
   },
   "id": "sLbefaIFyjqI",
   "outputs": [
    {
     "name": "stdout",
     "output_type": "stream",
     "text": [
      "WARNING:tensorflow:From C:\\Users\\basc6\\PycharmProjects\\proyect-RI_Soto-Bruce\\.venv\\Lib\\site-packages\\tf_keras\\src\\losses.py:2976: The name tf.losses.sparse_softmax_cross_entropy is deprecated. Please use tf.compat.v1.losses.sparse_softmax_cross_entropy instead.\n",
      "\n"
     ]
    }
   ],
   "execution_count": 2
  },
  {
   "metadata": {
    "id": "f3f333a9f10d93ad"
   },
   "cell_type": "markdown",
   "source": [
    "## Step 1: Download dataset from Kaggle\n",
    "\n",
    "URL: https://www.kaggle.com/datasets/zynicide/wine-reviews"
   ],
   "id": "f3f333a9f10d93ad"
  },
  {
   "cell_type": "markdown",
   "source": "### Cargar el corpus",
   "metadata": {
    "id": "NqFZEygftaKy"
   },
   "id": "NqFZEygftaKy"
  },
  {
   "metadata": {
    "id": "5bab6504ab1e044a",
    "outputId": "33dc9730-4168-486d-d53c-88249a6bcf01",
    "colab": {
     "base_uri": "https://localhost:8080/"
    },
    "ExecuteTime": {
     "end_time": "2024-08-07T00:51:12.698104Z",
     "start_time": "2024-08-07T00:51:10.575685Z"
    }
   },
   "cell_type": "code",
   "source": [
    "wine_df = pd.read_csv('winemag-data_first150k.csv')\n",
    "print(wine_df.head())\n",
    "corpus = wine_df['description']"
   ],
   "id": "5bab6504ab1e044a",
   "outputs": [
    {
     "name": "stdout",
     "output_type": "stream",
     "text": [
      "   Unnamed: 0 country                                        description  \\\n",
      "0           0      US  This tremendous 100% varietal wine hails from ...   \n",
      "1           1   Spain  Ripe aromas of fig, blackberry and cassis are ...   \n",
      "2           2      US  Mac Watson honors the memory of a wine once ma...   \n",
      "3           3      US  This spent 20 months in 30% new French oak, an...   \n",
      "4           4  France  This is the top wine from La Bégude, named aft...   \n",
      "\n",
      "                            designation  points  price        province  \\\n",
      "0                     Martha's Vineyard      96  235.0      California   \n",
      "1  Carodorum Selección Especial Reserva      96  110.0  Northern Spain   \n",
      "2         Special Selected Late Harvest      96   90.0      California   \n",
      "3                               Reserve      96   65.0          Oregon   \n",
      "4                            La Brûlade      95   66.0        Provence   \n",
      "\n",
      "            region_1           region_2             variety  \\\n",
      "0        Napa Valley               Napa  Cabernet Sauvignon   \n",
      "1               Toro                NaN       Tinta de Toro   \n",
      "2     Knights Valley             Sonoma     Sauvignon Blanc   \n",
      "3  Willamette Valley  Willamette Valley          Pinot Noir   \n",
      "4             Bandol                NaN  Provence red blend   \n",
      "\n",
      "                    winery  \n",
      "0                    Heitz  \n",
      "1  Bodega Carmen Rodríguez  \n",
      "2                 Macauley  \n",
      "3                    Ponzi  \n",
      "4     Domaine de la Bégude  \n"
     ]
    }
   ],
   "execution_count": 3
  },
  {
   "metadata": {
    "id": "9fef79a9c697bc01"
   },
   "cell_type": "markdown",
   "source": [
    "## Step 2: Load a Pre-trained Transformer Model\n",
    "\n",
    "Use the BERT model for generating contextual embeddings and Word2Vec for static embeddings."
   ],
   "id": "9fef79a9c697bc01"
  },
  {
   "cell_type": "markdown",
   "source": "### Importar librerías y cargar el modelo preentrenado",
   "metadata": {
    "id": "4Za4fv3mt3kO"
   },
   "id": "4Za4fv3mt3kO"
  },
  {
   "metadata": {
    "id": "68840411ddabd35a",
    "ExecuteTime": {
     "end_time": "2024-08-07T00:51:54.521383Z",
     "start_time": "2024-08-07T00:51:12.704135Z"
    }
   },
   "cell_type": "code",
   "source": [
    "word2vec_model = api.load('word2vec-google-news-300') #carga el modelo preentrenado de Word2Vec"
   ],
   "id": "68840411ddabd35a",
   "outputs": [],
   "execution_count": 4
  },
  {
   "cell_type": "markdown",
   "source": "### Inicializar el tokenizador de Bert",
   "metadata": {
    "id": "QeOfTNhvt-1S"
   },
   "id": "QeOfTNhvt-1S"
  },
  {
   "cell_type": "code",
   "source": [
    "tokenizer = BertTokenizer.from_pretrained('bert-base-uncased')\n",
    "model = TFBertModel.from_pretrained('bert-base-uncased') #importar el modelo de BERT desde el modelo preentrenado 'bert-base-uncased'."
   ],
   "metadata": {
    "id": "NvH0ar1rt-bC",
    "outputId": "aed0145e-6bd9-41d8-a307-b1e98903f101",
    "colab": {
     "base_uri": "https://localhost:8080/"
    },
    "ExecuteTime": {
     "end_time": "2024-08-07T00:51:57.911721Z",
     "start_time": "2024-08-07T00:51:54.521383Z"
    }
   },
   "id": "NvH0ar1rt-bC",
   "outputs": [
    {
     "name": "stderr",
     "output_type": "stream",
     "text": [
      "C:\\Users\\basc6\\PycharmProjects\\proyect-RI_Soto-Bruce\\.venv\\Lib\\site-packages\\transformers\\tokenization_utils_base.py:1601: FutureWarning: `clean_up_tokenization_spaces` was not set. It will be set to `True` by default. This behavior will be depracted in transformers v4.45, and will be then set to `False` by default. For more details check this issue: https://github.com/huggingface/transformers/issues/31884\n",
      "  warnings.warn(\n"
     ]
    },
    {
     "name": "stdout",
     "output_type": "stream",
     "text": [
      "WARNING:tensorflow:From C:\\Users\\basc6\\PycharmProjects\\proyect-RI_Soto-Bruce\\.venv\\Lib\\site-packages\\tf_keras\\src\\backend.py:873: The name tf.get_default_graph is deprecated. Please use tf.compat.v1.get_default_graph instead.\n",
      "\n"
     ]
    },
    {
     "name": "stderr",
     "output_type": "stream",
     "text": [
      "Some weights of the PyTorch model were not used when initializing the TF 2.0 model TFBertModel: ['cls.seq_relationship.weight', 'cls.seq_relationship.bias', 'cls.predictions.transform.LayerNorm.bias', 'cls.predictions.bias', 'cls.predictions.transform.dense.weight', 'cls.predictions.transform.LayerNorm.weight', 'cls.predictions.transform.dense.bias']\n",
      "- This IS expected if you are initializing TFBertModel from a PyTorch model trained on another task or with another architecture (e.g. initializing a TFBertForSequenceClassification model from a BertForPreTraining model).\n",
      "- This IS NOT expected if you are initializing TFBertModel from a PyTorch model that you expect to be exactly identical (e.g. initializing a TFBertForSequenceClassification model from a BertForSequenceClassification model).\n",
      "All the weights of TFBertModel were initialized from the PyTorch model.\n",
      "If your task is similar to the task the model of the checkpoint was trained on, you can already use TFBertModel for predictions without further training.\n"
     ]
    }
   ],
   "execution_count": 5
  },
  {
   "metadata": {
    "id": "d92ce2c32618191"
   },
   "cell_type": "markdown",
   "source": [
    "## Step 3: Generate Text Embeddings\n",
    "\n",
    "Static Embeddings with Word2Vec"
   ],
   "id": "d92ce2c32618191"
  },
  {
   "cell_type": "markdown",
   "source": "### Generar embeddings Word2Vec a partir de textos",
   "metadata": {
    "id": "OF1FPdc1w3Bo"
   },
   "id": "OF1FPdc1w3Bo"
  },
  {
   "metadata": {
    "id": "53983765626d5a85",
    "outputId": "8f93f590-5381-4882-ad3e-5f6b95d99065",
    "colab": {
     "base_uri": "https://localhost:8080/"
    },
    "ExecuteTime": {
     "end_time": "2024-08-07T00:51:57.926662Z",
     "start_time": "2024-08-07T00:51:57.912728Z"
    }
   },
   "cell_type": "code",
   "source": [
    "#definir de la funcion para generar embeddings Word2Vec a partir de textos\n",
    "def generate_word2vec_embeddings(texts):\n",
    "    embeddings = []\n",
    "    for text in texts:\n",
    "        #dividir en texto y convertir a minusculas\n",
    "        tokens = text.lower().split()\n",
    "        word_vectors = [word2vec_model[word] for word in tokens if word in word2vec_model]\n",
    "        #calcular el promedio de vectores de palabras\n",
    "        if word_vectors:\n",
    "            embeddings.append(np.mean(word_vectors, axis=0))\n",
    "        else:\n",
    "            embeddings.append(np.zeros(word2vec_model.vector_size))\n",
    "    return np.array(embeddings)\n",
    "\n",
    "word2vec_embeddings = generate_word2vec_embeddings(corpus[:10])\n",
    "print(\"Word2Vec Embeddings:\", word2vec_embeddings)\n",
    "print(\"Word2Vec Shape:\", word2vec_embeddings.shape)"
   ],
   "id": "53983765626d5a85",
   "outputs": [
    {
     "name": "stdout",
     "output_type": "stream",
     "text": [
      "Word2Vec Embeddings: [[ 0.01978664  0.03414721 -0.00884628 ... -0.01573336  0.06626587\n",
      "  -0.02784729]\n",
      " [ 0.0016861  -0.00124741 -0.00065494 ... -0.04453754  0.06408358\n",
      "   0.03221512]\n",
      " [-0.01758194  0.06408924  0.02408564 ... -0.04092503  0.09110224\n",
      "   0.01769352]\n",
      " ...\n",
      " [ 0.02863665  0.00169689 -0.00209213 ... -0.05629005  0.11204083\n",
      "   0.03335422]\n",
      " [ 0.03364817  0.00603784 -0.03152262 ... -0.0193573   0.12829183\n",
      "  -0.00842387]\n",
      " [ 0.01875126  0.03864291  0.00552817 ... -0.07643094  0.06591528\n",
      "   0.01740489]]\n",
      "Word2Vec Shape: (10, 300)\n"
     ]
    }
   ],
   "execution_count": 6
  },
  {
   "metadata": {
    "id": "7e2eee6a2cae63f9"
   },
   "cell_type": "markdown",
   "source": [
    "Contextual Embeddings with BERT"
   ],
   "id": "7e2eee6a2cae63f9"
  },
  {
   "cell_type": "markdown",
   "source": "### Generar embeddings Word2Vec a partir de textos",
   "metadata": {
    "id": "oTMHcnIBxRuU"
   },
   "id": "oTMHcnIBxRuU"
  },
  {
   "metadata": {
    "id": "deddc992f933fcb",
    "outputId": "71a1aab6-982c-45cb-9707-3808db5381fc",
    "colab": {
     "base_uri": "https://localhost:8080/"
    },
    "ExecuteTime": {
     "end_time": "2024-08-07T00:52:01.619491Z",
     "start_time": "2024-08-07T00:51:57.926662Z"
    }
   },
   "cell_type": "code",
   "source": [
    "def generate_bert_embeddings(texts):\n",
    "    embeddings = []\n",
    "    for text in texts:\n",
    "        inputs = tokenizer(text, return_tensors='tf', padding=True, truncation=True) #toenizar el texto\n",
    "        outputs = model(**inputs)\n",
    "        embeddings.append(outputs.last_hidden_state[:, 0, :])  # Use [CLS] token representation\n",
    "    return np.array(embeddings).transpose(0,2,1)\n",
    "\n",
    "bert_embeddings = generate_bert_embeddings(corpus[:10])\n",
    "print(\"BERT Embeddings:\", bert_embeddings)\n",
    "print(\"Word2Vec Shape:\", bert_embeddings.shape)"
   ],
   "id": "deddc992f933fcb",
   "outputs": [
    {
     "name": "stdout",
     "output_type": "stream",
     "text": [
      "BERT Embeddings: [[[ 0.11967529]\n",
      "  [-0.48856783]\n",
      "  [ 0.3645306 ]\n",
      "  ...\n",
      "  [-0.4368053 ]\n",
      "  [ 0.11976132]\n",
      "  [ 0.18947865]]\n",
      "\n",
      " [[-0.0518669 ]\n",
      "  [-0.36506528]\n",
      "  [ 0.64746   ]\n",
      "  ...\n",
      "  [-0.31474552]\n",
      "  [ 0.05560082]\n",
      "  [ 0.51543343]]\n",
      "\n",
      " [[-0.73173183]\n",
      "  [ 0.35088518]\n",
      "  [-0.01913813]\n",
      "  ...\n",
      "  [-0.03388362]\n",
      "  [ 0.22656628]\n",
      "  [ 0.3079808 ]]\n",
      "\n",
      " ...\n",
      "\n",
      " [[-0.35893604]\n",
      "  [-0.5862952 ]\n",
      "  [ 0.41342145]\n",
      "  ...\n",
      "  [-0.16299427]\n",
      "  [ 0.33213404]\n",
      "  [ 0.4952077 ]]\n",
      "\n",
      " [[-0.06120773]\n",
      "  [-0.3186197 ]\n",
      "  [ 0.6636806 ]\n",
      "  ...\n",
      "  [-0.2601146 ]\n",
      "  [ 0.22982614]\n",
      "  [ 0.49291313]]\n",
      "\n",
      " [[-0.791109  ]\n",
      "  [-0.3179438 ]\n",
      "  [ 0.24998933]\n",
      "  ...\n",
      "  [-0.42931494]\n",
      "  [ 0.30838788]\n",
      "  [-0.06678638]]]\n",
      "Word2Vec Shape: (10, 768, 1)\n"
     ]
    }
   ],
   "execution_count": 7
  },
  {
   "metadata": {
    "id": "755f905d2f5fe852"
   },
   "cell_type": "markdown",
   "source": [
    "## Step 4: Compute Similarity Between Embeddings\n",
    "\n",
    "Use the scikit-learn library."
   ],
   "id": "755f905d2f5fe852"
  },
  {
   "metadata": {
    "id": "f1c1a78ceff1d324",
    "outputId": "03992829-126a-43fc-a112-277c28232288",
    "colab": {
     "base_uri": "https://localhost:8080/"
    },
    "ExecuteTime": {
     "end_time": "2024-08-07T00:52:01.635094Z",
     "start_time": "2024-08-07T00:52:01.619491Z"
    }
   },
   "cell_type": "code",
   "source": [
    "# Cosine similarity between Word2Vec embeddings\n",
    "word2vec_similarity = cosine_similarity(word2vec_embeddings)\n",
    "print(\"Word2Vec Cosine Similarity:\\n\", word2vec_similarity)\n",
    "\n",
    "# Cosine similarity between BERT embeddings\n",
    "bert_similarity = cosine_similarity(bert_embeddings.reshape(10,768))\n",
    "print(\"BERT Cosine Similarity:\\n\", bert_similarity)"
   ],
   "id": "f1c1a78ceff1d324",
   "outputs": [
    {
     "name": "stdout",
     "output_type": "stream",
     "text": [
      "Word2Vec Cosine Similarity:\n",
      " [[1.         0.8253629  0.80511177 0.8419133  0.83916086 0.83854574\n",
      "  0.8216922  0.8248522  0.84638995 0.8140328 ]\n",
      " [0.8253629  1.0000004  0.7915441  0.8704564  0.70442986 0.8919624\n",
      "  0.85559994 0.9090055  0.82102585 0.8199145 ]\n",
      " [0.80511177 0.7915441  0.99999976 0.7813313  0.7663708  0.81088406\n",
      "  0.76002795 0.7869289  0.7806283  0.82849413]\n",
      " [0.8419133  0.8704564  0.7813313  0.99999964 0.7388937  0.8769778\n",
      "  0.8692663  0.86583847 0.8299481  0.81447786]\n",
      " [0.83916086 0.70442986 0.7663708  0.7388937  0.9999998  0.7408403\n",
      "  0.7264281  0.7543802  0.84104794 0.73225087]\n",
      " [0.83854574 0.8919624  0.81088406 0.8769778  0.7408403  1.0000001\n",
      "  0.86410356 0.9094129  0.8474779  0.8254898 ]\n",
      " [0.8216922  0.85559994 0.76002795 0.8692663  0.7264281  0.86410356\n",
      "  0.99999976 0.87098914 0.8183166  0.7882399 ]\n",
      " [0.8248522  0.9090055  0.7869289  0.86583847 0.7543802  0.9094129\n",
      "  0.87098914 0.9999997  0.86063915 0.83889055]\n",
      " [0.84638995 0.82102585 0.7806283  0.8299481  0.84104794 0.8474779\n",
      "  0.8183166  0.86063915 1.0000002  0.77946264]\n",
      " [0.8140328  0.8199145  0.82849413 0.81447786 0.73225087 0.8254898\n",
      "  0.7882399  0.83889055 0.77946264 1.0000002 ]]\n",
      "BERT Cosine Similarity:\n",
      " [[1.         0.92553365 0.8595505  0.92135394 0.85612154 0.9030929\n",
      "  0.90911853 0.8908768  0.9343499  0.8167765 ]\n",
      " [0.92553365 1.         0.83921087 0.937469   0.8756645  0.9143529\n",
      "  0.95260775 0.9220623  0.9409267  0.8160481 ]\n",
      " [0.8595505  0.83921087 0.9999998  0.839167   0.8106276  0.85704523\n",
      "  0.8348428  0.8276116  0.8404734  0.8615358 ]\n",
      " [0.92135394 0.937469   0.839167   1.         0.87529004 0.9035336\n",
      "  0.9347169  0.923877   0.93039274 0.8265417 ]\n",
      " [0.85612154 0.8756645  0.8106276  0.87529004 0.99999994 0.8648294\n",
      "  0.85259885 0.8520304  0.90588343 0.8521253 ]\n",
      " [0.9030929  0.9143529  0.85704523 0.9035336  0.8648294  1.0000004\n",
      "  0.90509033 0.9282436  0.9019619  0.8623832 ]\n",
      " [0.90911853 0.95260775 0.8348428  0.9347169  0.85259885 0.90509033\n",
      "  0.9999999  0.93665373 0.93607116 0.8291073 ]\n",
      " [0.8908768  0.9220623  0.8276116  0.923877   0.8520304  0.9282436\n",
      "  0.93665373 1.         0.91359997 0.86717594]\n",
      " [0.9343499  0.9409267  0.8404734  0.93039274 0.90588343 0.9019619\n",
      "  0.93607116 0.91359997 1.0000001  0.84628206]\n",
      " [0.8167765  0.8160481  0.8615358  0.8265417  0.8521253  0.8623832\n",
      "  0.8291073  0.86717594 0.84628206 0.9999999 ]]\n"
     ]
    }
   ],
   "execution_count": 8
  },
  {
   "metadata": {
    "id": "1b46c4c975cb5c7b"
   },
   "cell_type": "markdown",
   "source": [
    "## Step 5: Compare Contextual and Static Embeddings\n",
    "\n",
    "Analyze and compare the similarity results from both BERT and Word2Vec embeddings."
   ],
   "id": "1b46c4c975cb5c7b"
  },
  {
   "cell_type": "markdown",
   "source": "### Generar la matriz de similitud de tramas",
   "metadata": {
    "id": "Mz5Tu-xdyTIv"
   },
   "id": "Mz5Tu-xdyTIv"
  },
  {
   "metadata": {
    "id": "7416e3d9334cd21e",
    "outputId": "46df9d09-f688-4929-ec18-3bd04f6b5ed5",
    "colab": {
     "base_uri": "https://localhost:8080/",
     "height": 1000
    },
    "ExecuteTime": {
     "end_time": "2024-08-07T00:52:02.417431Z",
     "start_time": "2024-08-07T00:52:01.635094Z"
    }
   },
   "cell_type": "code",
   "source": [
    "def plot_similarity_matrix(matrix, title, figsize=(8, 6), annotation=True):\n",
    "    plt.figure(figsize=figsize)\n",
    "    sns.heatmap(matrix, annot=annotation, cmap='coolwarm', fmt='.2f')\n",
    "    plt.title(title)\n",
    "    plt.show()\n",
    "\n",
    "plot_similarity_matrix(word2vec_similarity, \"Word2Vec Cosine Similarity\")\n",
    "plot_similarity_matrix(bert_similarity, \"BERT Cosine Similarity\")"
   ],
   "id": "7416e3d9334cd21e",
   "outputs": [
    {
     "data": {
      "text/plain": [
       "<Figure size 800x600 with 2 Axes>"
      ],
